160 124
519
510
498
480
468
456
450
450
429
408
372
330
294
285
297
312
168
174
177
180
177
171
165
159
159
168
171
159
147
144
159
174
153
168
177
168
150
147
171
192
144
150
162
171
177
177
174
171
123
141
99
75
123
126
63
21
63
60
108
126
81
78
111
105
123
126
138
150
147
117
69
30
0
111
201
150
66
54
90
111
189
249
249
228
249
261
267
306
369
426
360
105
27
309
438
228
240
444
258
321
339
99
261
483
591
636
654
630
612
624
633
627
657
465
435
480
459
555
669
636
627
669
660
618
540
357
153
57
15
132
108
90
264
408
375
306
210
198
225
264
324
447
531
510
555
522
459
441
450
426
465
582
597
624
663
687
687
669
651
642
489
492
495
489
474
450
426
408
411
390
363
342
327
306
279
258
165
168
171
171
168
162
156
150
153
165
177
174
162
153
153
159
165
171
171
153
135
138
165
192
144
150
159
168
174
174
168
165
126
138
93
69
123
126
66
30
75
57
105
135
87
69
105
120
120
129
144
156
153
120
66
27
21
99
150
114
57
57
111
159
180
234
231
219
252
267
264
291
300
306
351
231
84
252
411
285
294
375
186
279
354
87
177
534
633
654
648
615
606
633
654
657
696
462
432
534
516
531
621
645
669
663
630
615
573
393
132
0
0
189
234
126
159
324
405
384
171
195
276
333
354
420
489
489
510
513
477
465
483
471
483
552
612
624
636
648
657
675
696
714
489
486
480
468
450
429
408
399
390
369
345
342
336
303
240
189
159
162
162
159
156
147
141
138
141
156
171
177
168
153
141
138
171
171
162
141
123
126
153
177
144
150
159
165
168
165
162
159
132
132
81
66
123
129
69
42
87
51
96
144
93
57
99
135
117
126
138
147
135
99
51
18
12
57
114
132
90
39
45
84
150
192
183
180
237
261
252
267
267
267
66
27
246
249
126
186
444
282
357
456
279
204
411
573
546
585
618
630
636
645
645
636
333
267
402
603
648
663
684
648
645
603
507
378
261
192
177
195
204
108
114
222
291
264
162
51
258
255
330
411
432
462
498
489
495
480
381
309
360
453
549
642
657
645
627
612
621
660
711
750
519
495
459
426
405
405
411
420
372
351
324
303
282
243
192
150
150
150
147
144
138
132
129
126
135
144
153
156
153
144
135
129
162
165
162
147
132
126
135
147
138
144
153
159
162
159
156
150
138
126
69
66
129
129
72
48
93
42
87
147
102
57
93
135
126
126
123
114
93
63
30
6
0
15
69
114
81
18
27
93
147
174
153
156
231
273
267
276
237
300
99
48
249
162
66
312
321
225
450
393
150
327
540
525
651
618
612
657
702
654
501
360
345
432
561
606
597
651
639
522
426
264
123
102
186
318
390
378
345
174
153
198
117
81
201
312
429
354
363
435
465
477
465
414
291
360
354
336
420
522
564
585
678
660
636
612
612
642
690
723
504
486
453
423
405
399
402
405
348
327
285
237
192
159
144
141
141
138
135
129
126
123
123
120
150
147
141
141
144
147
147
147
141
153
162
165
153
135
120
114
129
135
144
153
156
156
150
147
141
117
63
69
138
129
66
45
96
45
81
141
111
78
99
117
147
138
117
87
60
36
21
18
42
3
0
27
15
3
90
213
159
177
147
147
228
279
276
285
228
84
105
156
84
120
240
249
126
249
288
93
201
438
435
543
522
516
516
516
486
414
324
261
378
504
600
555
465
429
360
246
81
183
378
480
444
456
525
540
243
186
141
81
90
300
483
471
417
369
390
429
414
396
369
312
213
336
390
408
501
585
591
579
612
618
624
630
639
660
690
711
435
441
450
447
429
399
366
345
303
279
234
177
129
108
120
135
132
129
123
120
117
120
123
123
159
150
141
141
153
162
168
168
129
144
165
174
168
144
117
96
117
126
135
147
153
153
150
150
144
114
60
81
150
132
57
36
102
60
90
141
132
126
123
87
138
129
108
75
48
30
30
36
39
0
0
24
27
12
54
129
123
147
120
117
186
219
204
210
117
0
0
45
30
87
129
33
168
126
99
48
243
450
420
492
513
363
225
216
285
315
264
204
297
309
336
345
288
210
201
246
387
399
537
615
534
456
369
225
141
285
441
450
369
360
399
396
231
297
408
441
387
369
369
330
264
378
429
438
507
567
576
585
522
552
597
642
675
702
723
738
378
396
420
432
417
378
330
300
240
216
177
144
123
117
114
117
123
120
114
114
114
120
126
132
135
129
129
141
159
168
165
159
132
144
159
171
168
150
123
102
105
114
126
141
150
153
153
153
147
111
60
90
162
132
45
21
111
87
111
144
159
186
159
63
78
84
81
63
42
27
30
36
15
0
18
84
123
93
36
3
75
120
111
105
147
147
102
90
33
114
108
96
111
45
33
162
195
3
90
204
201
309
366
285
318
399
423
279
54
0
174
411
351
249
132
90
96
96
177
315
363
384
477
396
141
93
231
282
585
507
483
591
648
504
324
270
225
315
420
432
399
423
411
327
210
369
498
561
597
558
486
465
513
546
597
645
681
711
732
744
366
375
387
387
372
345
315
294
195
168
138
135
144
144
120
96
117
114
111
111
114
123
132
135
99
99
111
132
156
162
147
132
141
147
153
162
162
150
132
117
99
108
123
138
147
153
156
156
150
111
63
99
171
132
39
12
117
108
129
147
177
228
183
51
15
33
48
48
36
21
18
21
36
3
6
87
186
210
147
75
75
132
141
135
156
126
57
33
210
96
99
186
204
204
219
204
135
168
261
336
306
249
234
219
171
96
42
63
120
171
222
264
18
57
54
63
126
126
57
21
99
99
213
222
114
246
534
657
468
555
555
528
531
432
315
315
414
423
429
396
396
450
384
210
300
417
498
531
546
516
495
531
567
588
621
648
669
690
708
720
378
378
375
369
342
297
243
204
138
129
123
117
117
114
105
99
72
87
105
123
126
120
108
99
111
123
135
135
126
123
135
147
159
117
147
195
186
177
168
126
60
153
177
117
105
168
189
147
204
108
72
111
216
153
0
54
54
96
141
156
162
174
189
198
135
3
66
21
12
132
78
27
93
75
57
78
132
156
114
51
150
69
57
129
156
87
27
21
165
216
234
228
270
327
285
189
33
120
252
336
309
210
147
138
24
54
72
63
177
225
147
207
69
21
69
228
309
243
228
318
453
375
210
201
444
603
456
234
414
516
558
597
528
450
543
606
600
450
300
366
510
435
297
306
432
477
492
456
435
480
555
606
615
594
591
615
645
672
708
747
321
321
315
303
276
228
171
132
135
129
120
111
108
102
93
90
84
93
108
120
123
120
111
102
123
135
144
141
135
132
141
153
159
120
150
195
183
174
174
141
108
126
120
102
111
156
189
192
195
99
72
120
222
162
0
36
33
45
123
219
219
150
132
174
195
96
12
48
126
198
213
120
108
219
276
189
57
15
78
150
252
156
87
99
114
93
66
66
135
189
222
210
207
207
162
99
234
183
168
219
258
216
123
54
54
108
141
84
105
111
63
162
129
84
114
129
165
390
618
645
453
234
36
123
336
375
399
543
714
636
726
765
537
522
744
690
471
462
417
420
432
339
297
396
540
465
396
390
444
510
564
594
612
606
618
645
666
678
705
738
309
297
279
255
222
177
129
96
129
123
114
102
90
81
78
75
93
99
105
114
120
120
120
120
138
147
153
150
144
141
147
156
153
120
153
192
174
171
183
162
129
90
72
99
141
168
192
210
216
123
120
171
252
201
45
69
180
90
72
171
258
231
144
87
165
204
18
24
120
171
273
180
141
135
189
237
165
78
165
339
192
240
252
180
81
60
144
243
246
243
222
174
120
102
120
150
165
219
288
312
255
171
126
123
345
303
273
204
231
243
162
204
84
54
156
156
54
171
246
60
0
135
225
405
678
744
693
750
678
765
765
618
564
672
726
549
516
669
618
354
174
204
372
540
456
444
453
480
498
504
525
552
609
618
645
672
675
663
675
699
324
297
255
216
183
150
123
105
120
117
105
90
72
63
63
66
90
93
99
108
120
132
144
150
147
150
153
150
150
150
150
153
147
117
150
186
168
168
189
177
114
87
69
96
159
210
213
195
219
141
171
213
246
204
90
117
264
174
99
129
228
285
240
162
183
336
234
129
132
144
225
249
222
144
120
165
180
141
141
189
210
198
171
171
234
288
264
198
297
258
216
180
126
90
126
195
141
93
57
81
156
234
282
303
261
195
198
180
225
261
204
231
234
93
69
90
33
39
78
39
114
552
729
651
690
753
765
765
765
711
534
594
711
594
525
573
657
540
366
279
336
414
411
372
393
474
555
585
591
585
555
519
588
606
648
678
669
642
642
660
312
273
213
159
129
117
114
111
102
102
96
78
57
48
57
69
81
84
93
108
129
150
168
180
147
147
144
147
153
153
153
153
144
111
144
186
174
177
198
186
126
132
96
60
123
237
261
204
168
108
180
207
189
159
99
135
174
168
204
255
249
219
261
345
267
312
372
306
237
123
42
213
165
240
240
153
129
177
165
93
201
201
195
222
306
369
312
207
213
192
210
249
231
165
132
150
303
267
219
198
219
270
315
336
153
177
300
291
210
165
129
192
345
294
198
183
189
81
75
246
162
330
390
447
603
651
603
627
681
459
399
555
519
432
501
474
393
219
261
540
672
537
363
303
471
528
552
561
645
729
654
504
555
573
618
660
669
657
657
678
285
243
183
135
111
111
117
120
81
87
84
66
48
45
63
81
75
81
96
114
138
162
180
192
147
144
141
147
159
165
162
159
153
111
141
192
198
207
216
189
171
189
129
42
84
225
291
252
141
90
195
225
180
165
129
150
219
156
237
405
399
240
210
321
375
231
348
420
369
168
0
168
234
240
282
333
333
294
288
315
225
318
375
339
285
285
318
345
258
237
249
297
309
273
243
240
174
267
330
285
180
108
99
114
183
183
342
390
318
258
180
180
114
225
123
15
75
75
171
453
585
408
204
195
384
510
459
363
222
423
450
408
393
417
441
339
279
405
621
720
618
510
483
471
402
501
561
576
636
705
648
522
537
543
576
633
669
684
702
723
237
207
165
135
120
120
120
120
63
72
75
60
45
48
72
99
84
90
105
126
144
162
177
183
153
144
141
153
171
183
180
174
171
120
144
210
234
246
243
198
195
204
165
102
114
201
267
279
159
96
222
276
237
234
186
162
369
267
261
396
480
414
306
258
387
279
300
357
327
255
204
219
345
285
315
423
438
345
309
354
363
339
315
315
339
354
336
303
357
333
315
318
330
339
348
357
288
252
204
201
264
327
318
273
114
6
111
210
243
276
225
189
72
234
276
249
246
153
54
81
105
198
261
189
141
237
228
57
108
405
417
462
594
474
417
555
627
684
711
618
564
672
693
534
366
453
549
600
609
612
612
612
561
540
546
594
645
678
702
720
177
159
138
123
117
108
99
90
54
63
69
57
45
51
81
111
93
102
117
132
150
159
168
171
156
147
147
159
180
195
192
186
186
129
153
225
258
276
261
204
183
189
195
192
180
186
225
270
165
90
225
306
285
288
216
150
390
402
354
321
420
552
513
369
201
282
183
96
51
195
369
189
93
294
369
264
246
357
366
255
279
285
300
309
294
279
294
318
318
336
345
342
339
339
330
312
330
360
369
348
339
354
351
330
339
183
207
195
123
144
159
183
294
237
249
327
375
372
324
264
36
12
48
33
39
225
300
123
177
360
399
399
453
588
705
633
726
588
594
678
681
696
702
639
552
465
447
528
603
624
666
735
597
552
528
561
615
648
666
681
144
132
120
117
114
102
75
54
72
54
39
45
66
84
84
78
114
117
120
120
123
135
159
177
177
174
177
186
201
210
204
198
171
192
183
189
285
288
210
267
255
210
294
288
177
207
321
282
331
175
184
442
495
174
54
293
518
533
495
387
297
306
396
474
345
219
144
168
162
100
100
164
181
191
242
312
330
296
260
255
287
278
270
273
277
275
266
258
277
291
305
305
303
307
306
301
335
335
341
345
342
338
333
329
348
350
358
370
371
349
307
272
264
327
360
303
225
201
240
282
276
231
198
147
153
291
357
261
84
96
207
159
426
555
555
600
660
684
735
765
744
696
693
723
693
585
510
534
585
603
618
648
663
588
522
522
576
633
669
687
144
129
111
99
93
81
57
42
45
51
63
69
72
78
84
87
114
120
123
126
129
141
162
180
195
192
195
207
225
231
228
222
219
234
204
195
297
336
294
333
312
231
273
339
213
237
324
348
376
301
310
484
549
363
285
444
518
536
512
426
321
252
216
195
211
175
201
286
322
288
275
304
250
234
248
289
320
337
359
392
380
370
358
347
343
333
314
301
282
281
271
255
251
260
270
276
302
305
311
322
329
337
339
343
331
322
318
330
351
370
376
374
252
237
216
222
264
303
297
261
186
375
381
327
342
207
111
240
294
264
285
84
144
252
396
546
630
678
753
765
765
738
741
765
765
729
630
531
495
537
612
666
699
660
588
516
495
552
645
714
147
132
108
90
78
66
57
45
21
51
81
93
84
78
90
105
120
126
132
135
138
153
171
189
207
207
210
222
240
246
243
237
258
291
240
204
267
324
348
375
444
270
195
384
342
450
462
492
487
421
322
301
345
348
393
507
428
416
374
314
275
261
237
213
331
319
325
341
342
318
308
312
368
337
310
307
313
326
359
395
373
375
375
387
404
415
412
403
390
381
363
347
329
311
299
298
287
287
286
293
299
307
314
317
356
344
334
336
351
368
381
385
360
363
318
219
150
171
258
327
351
150
198
291
174
135
195
147
162
123
246
300
480
624
654
597
588
555
546
582
630
660
678
687
723
765
762
633
540
558
627
666
720
663
576
522
567
663
711
705
144
129
105
87
75
72
72
75
39
57
81
93
96
99
111
123
129
138
147
153
156
168
186
201
213
210
213
225
240
249
246
240
258
339
300
234
201
231
336
372
423
255
99
309
312
516
501
537
523
511
451
390
372
363
342
333
309
291
254
233
260
317
356
362
343
358
351
327
319
330
340
334
319
312
301
287
266
242
233
238
254
260
277
306
339
364
372
374
411
415
435
458
456
425
391
377
321
315
305
296
285
282
285
283
351
350
356
363
368
365
358
352
420
402
384
381
384
345
231
123
297
303
306
363
384
288
300
474
348
390
528
513
435
483
606
636
720
759
765
687
555
474
495
552
549
636
684
633
555
540
570
597
756
714
627
558
567
606
570
498
117
108
90
75
66
72
84
96
84
75
72
84
111
132
141
138
141
153
165
174
180
189
207
222
231
231
231
240
255
261
255
249
252
381
375
315
189
165
348
405
402
303
120
252
258
507
504
537
534
495
456
414
363
324
294
264
267
294
312
318
327
339
330
309
290
327
342
320
299
289
259
222
155
185
216
227
223
211
197
188
199
201
210
224
245
249
246
241
297
298
333
395
433
428
417
422
375
369
362
352
340
335
330
329
305
315
330
344
356
365
369
375
360
369
393
441
495
483
381
273
117
204
291
411
483
387
285
315
441
366
318
327
291
390
495
471
552
615
702
765
765
765
726
684
582
579
588
591
546
492
489
522
603
633
603
501
423
426
471
498
84
81
72
60
54
60
78
93
114
96
81
93
126
153
162
156
156
168
186
195
204
213
228
240
273
267
267
273
282
285
276
270
303
417
417
414
264
204
429
483
483
321
84
189
342
594
525
456
435
330
282
264
222
231
288
304
274
313
343
343
337
328
301
274
314
302
263
208
166
148
123
99
169
209
243
250
258
276
286
289
255
256
258
269
279
276
265
259
264
230
224
270
312
323
348
382
379
387
398
411
424
431
434
436
357
356
342
328
324
338
363
383
375
405
414
384
372
414
483
531
417
222
237
321
306
402
465
330
273
306
288
384
339
333
309
234
426
444
498
600
726
765
759
696
765
744
735
759
717
606
525
513
525
495
447
402
402
465
564
642
75
78
75
63
51
54
69
84
114
114
117
129
144
159
168
171
168
183
201
216
222
234
246
258
306
300
297
300
306
303
294
282
408
441
396
471
363
288
510
525
513
297
72
156
366
495
384
291
267
216
270
333
300
300
313
268
286
295
288
273
276
288
285
270
205
155
106
94
114
146
185
209
244
282
301
284
278
297
319
319
272
277
285
304
318
319
308
303
251
189
156
187
218
225
249
293
315
338
374
413
449
476
490
497
470
461
434
396
357
338
338
348
390
375
363
393
456
489
441
369
450
510
351
198
207
165
240
516
357
282
72
252
426
516
417
273
243
351
432
420
405
504
687
765
759
759
765
765
720
639
558
513
573
465
393
432
504
534
540
549
84
90
90
78
60
57
69
81
96
123
150
162
156
156
165
177
177
192
213
225
234
243
258
270
318
312
306
306
309
306
294
282
498
450
354
477
417
342
546
516
546
414
300
303
351
273
228
273
287
231
270
297
261
301
352
298
303
300
282
260
251
239
197
144
124
88
93
152
204
221
230
244
194
238
259
241
224
236
245
239
238
237
239
247
253
247
230
220
151
108
91
129
171
173
190
227
243
272
325
382
431
464
482
492
510
520
515
486
435
384
353
339
291
354
402
399
384
402
441
471
483
441
507
525
342
165
120
108
381
423
183
219
222
273
339
426
513
435
321
252
282
363
402
387
507
540
522
453
423
456
483
474
366
336
387
510
567
519
483
498
87
66
57
66
72
72
90
117
99
135
171
171
147
138
156
183
219
216
219
234
258
294
330
351
384
330
411
519
303
288
291
243
492
483
354
330
456
447
405
498
399
348
300
276
246
219
228
258
263
275
275
270
282
301
301
282
261
287
266
186
138
146
158
146
92
145
255
233
107
114
156
124
222
246
249
213
189
195
248
299
252
294
304
272
243
204
116
38
27
41
60
67
73
95
147
189
211
192
209
275
350
406
454
490
511
519
522
514
496
468
441
426
357
363
366
366
375
402
447
480
498
468
441
462
516
492
339
177
117
54
117
225
195
120
135
180
246
285
339
330
351
522
618
540
387
213
294
537
660
729
657
435
255
384
516
549
504
477
504
549
96
78
75
87
87
81
87
108
135
150
168
177
180
189
204
222
249
255
267
285
315
348
375
393
405
438
465
528
360
276
231
312
447
504
321
159
309
456
387
294
228
207
204
228
240
243
264
297
269
272
266
264
282
295
277
240
203
177
141
119
128
135
102
57
140
86
119
121
39
21
101
161
268
214
220
262
203
118
109
163
237
222
204
178
123
69
31
19
25
33
41
41
44
55
80
107
180
201
221
229
221
255
366
473
487
499
501
486
465
456
464
479
435
435
429
414
399
399
411
426
447
483
510
513
516
516
483
438
225
294
330
246
159
204
243
189
0
255
228
69
138
240
324
483
540
630
417
282
498
549
384
351
468
474
477
483
504
522
519
501
93
87
99
123
132
120
120
135
198
192
183
186
195
210
222
225
270
282
303
330
357
381
399
408
435
513
465
489
408
318
213
330
399
513
360
141
237
402
327
171
180
180
201
234
255
255
264
279
297
296
284
275
282
280
243
198
143
141
134
111
69
44
74
119
117
116
161
131
39
26
140
278
250
236
268
276
156
42
17
67
96
60
53
66
29
6
7
30
34
29
28
27
28
30
34
36
106
103
131
181
227
251
282
315
405
431
462
468
457
460
475
498
516
519
513
495
465
438
423
417
420
474
516
513
498
507
531
543
528
363
303
351
339
294
285
288
351
168
171
210
162
264
360
243
297
561
426
273
453
420
213
255
558
459
315
222
225
270
276
249
84
87
114
159
180
174
177
189
198
195
192
192
198
219
246
264
303
321
345
372
393
399
399
399
438
492
429
429
378
402
309
291
339
444
405
276
252
258
219
195
225
228
243
258
261
255
246
246
294
306
296
266
240
217
180
140
105
80
60
32
2
3
29
139
148
182
163
90
73
147
259
284
213
297
318
204
74
19
22
46
7
7
17
47
45
28
46
91
69
51
38
31
31
32
28
26
33
29
46
119
199
239
248
251
294
339
404
454
476
481
479
478
549
558
570
567
552
528
501
486
438
438
447
465
492
510
504
489
543
483
393
306
318
408
360
183
225
333
333
264
237
183
144
183
45
63
195
354
384
285
147
42
120
114
87
78
153
294
411
459
90
93
123
171
192
189
192
207
162
189
216
222
225
252
303
348
366
381
405
426
432
420
405
393
396
441
456
426
282
441
450
297
270
330
345
291
216
153
153
204
201
213
225
234
246
261
264
264
270
288
281
227
168
130
108
89
147
56
2
10
37
47
71
101
169
129
57
35
132
291
308
234
267
277
215
99
36
34
55
70
54
78
84
67
79
111
121
102
88
68
47
38
41
43
46
46
30
33
39
47
52
86
196
306
244
280
340
410
471
501
507
503
552
567
588
609
615
603
579
561
498
465
441
456
489
510
510
504
477
525
513
387
288
315
294
162
228
432
462
372
420
480
387
270
318
243
441
516
204
45
147
168
144
183
183
147
156
225
282
294
117
114
129
162
177
171
177
192
219
255
291
294
282
288
327
369
405
420
438
447
441
420
390
372
354
429
498
432
207
393
480
324
234
252
231
174
144
171
189
171
195
216
228
228
246
273
285
279
270
279
255
191
132
106
96
89
77
66
68
79
77
68
72
93
54
81
106
180
295
315
294
319
312
158
59
46
57
62
72
101
70
103
96
57
74
139
160
128
105
90
68
52
47
54
72
87
80
54
36
36
37
51
99
161
240
256
293
349
421
490
548
579
570
579
600
624
639
639
621
603
606
582
549
513
471
453
483
528
525
468
489
513
432
336
300
285
171
165
375
483
342
354
492
480
330
339
399
405
357
450
639
738
696
648
519
372
318
354
372
345
147
135
138
159
171
171
186
207
282
312
345
357
351
348
357
372
432
444
456
462
450
423
390
372
372
438
420
357
201
318
333
264
204
177
153
129
132
189
216
174
216
240
252
246
255
279
282
261
267
243
189
134
111
115
111
92
2
84
152
103
9
3
3
32
35
156
267
307
310
225
184
259
163
80
27
39
80
94
101
118
65
89
113
121
131
152
174
182
143
130
108
84
70
76
96
127
139
75
37
42
63
70
66
61
189
227
278
319
371
449
547
620
606
609
618
642
660
666
654
642
681
669
651
612
537
468
462
495
465
519
528
453
438
525
480
297
330
231
93
219
447
357
240
390
369
273
147
186
438
636
567
390
429
432
378
312
360
507
618
645
162
144
144
162
180
192
219
249
258
285
330
375
408
426
429
426
468
480
492
495
480
453
423
405
423
435
282
243
231
273
162
153
156
96
120
174
156
144
180
201
186
222
243
243
255
279
273
246
234
180
102
56
72
106
99
63
134
201
218
133
35
11
14
12
201
320
255
124
123
121
63
29
14
59
84
53
55
110
147
132
92
118
176
252
238
179
174
220
182
173
146
115
91
93
121
150
150
122
85
46
35
38
79
131
121
191
279
326
347
409
520
611
636
633
639
657
681
693
690
678
678
663
675
696
669
585
510
480
483
459
501
522
444
387
399
408
360
327
282
171
87
156
183
72
21
93
243
282
216
264
312
231
327
429
468
402
345
357
372
351
198
195
186
180
189
216
252
279
273
312
354
387
435
477
465
423
480
480
477
465
432
381
330
294
363
303
240
210
186
150
120
111
129
126
126
132
144
162
180
192
234
225
234
261
282
276
255
237
128
108
56
35
74
151
153
93
97
198
167
41
5
4
28
66
271
150
38
13
17
23
51
97
207
142
77
65
79
102
129
142
95
176
292
285
203
216
254
224
186
177
170
165
147
131
139
159
152
140
108
86
78
69
80
142
220
155
146
340
373
402
387
481
691
687
682
684
689
694
692
693
708
701
671
661
708
746
682
578
495
480
489
516
519
480
432
408
366
291
222
222
261
258
186
111
48
57
189
339
294
156
207
390
465
456
492
528
483
411
441
534
192
195
198
198
204
234
276
309
330
360
384
402
438
480
489
468
429
435
432
402
354
315
294
288
312
249
186
156
141
117
105
108
126
126
129
135
147
168
186
195
222
243
249
252
270
276
225
159
87
81
64
67
117
182
199
184
174
207
127
23
4
3
2
25
69
31
16
27
55
78
106
126
213
170
124
105
107
117
132
144
120
203
296
256
219
295
316
219
236
218
209
210
204
203
218
244
278
180
129
127
125
107
87
83
149
113
115
292
357
437
433
514
643
670
707
720
716
708
706
713
685
724
722
666
636
670
701
702
612
522
450
462
513
531
510
486
480
477
456
408
348
300
276
270
252
225
201
198
207
219
249
276
336
231
168
219
294
306
276
258
189
207
225
231
237
267
318
360
351
378
399
411
435
477
507
516
372
378
366
321
267
234
243
261
225
168
114
93
87
81
87
102
126
126
132
141
156
174
192
204
219
252
267
252
252
243
177
93
75
80
103
137
146
138
145
166
216
170
55
5
5
3
2
6
5
17
32
42
65
95
104
94
115
116
115
116
121
144
175
196
209
282
305
222
219
367
396
260
299
262
245
268
297
311
323
341
337
175
146
191
192
181
136
71
177
136
105
215
282
407
419
473
560
620
698
738
741
734
734
742
700
753
759
688
630
649
709
745
723
621
519
486
501
513
513
513
507
537
552
510
435
390
396
426
465
369
252
219
291
336
252
123
99
93
75
54
45
54
81
102
201
228
258
273
282
315
369
414
390
414
438
438
432
435
444
450
345
336
309
264
219
192
192
201
135
96
63
60
66
66
78
96
123
126
135
147
165
183
201
210
234
246
264
264
231
171
123
105
135
128
152
172
119
43
35
70
167
93
9
5
16
8
1
34
23
65
72
39
39
73
89
76
59
88
111
116
127
165
217
253
346
352
314
224
228
371
432
338
329
270
243
291
364
386
360
333
286
166
193
283
246
246
241
142
154
128
82
150
214
399
456
511
506
566
648
715
750
756
757
756
753
761
755
726
716
718
707
679
696
669
630
576
507
459
468
504
498
495
492
489
483
471
459
447
369
261
171
189
291
405
495
552
450
387
285
216
228
264
240
177
237
267
300
321
339
369
417
456
477
492
507
495
450
390
351
339
339
309
267
231
204
180
150
129
66
48
42
63
72
69
75
90
120
126
138
156
174
195
210
219
255
231
243
264
198
93
93
165
216
175
159
145
66
10
24
94
75
35
5
4
30
10
2
63
10
50
62
38
41
79
114
104
90
128
149
136
135
171
234
276
354
323
304
266
263
348
421
396
321
268
249
305
403
422
361
293
236
196
298
372
266
247
310
284
197
177
124
163
184
334
380
431
515
542
599
673
743
761
760
753
761
757
751
752
756
763
729
683
645
642
639
606
540
480
471
495
528
510
492
489
495
483
450
420
471
471
444
378
300
264
288
324
399
435
447
441
486
564
588
564
294
312
339
366
393
426
456
477
510
510
519
513
471
402
351
333
312
270
219
189
174
147
105
66
33
24
36
66
78
72
78
93
117
126
141
162
186
204
219
228
261
225
222
225
150
63
90
189
216
156
105
74
31
21
92
208
24
20
4
2
26
3
4
58
5
19
49
55
65
87
105
104
104
145
160
139
138
180
248
283
245
247
292
321
311
352
410
410
326
290
286
345
430
437
370
302
239
252
362
385
253
208
290
348
236
234
182
210
181
267
299
368
521
531
568
638
721
761
760
748
756
754
746
746
747
750
759
760
726
666
609
591
573
531
483
456
492
513
528
516
483
456
450
459
369
447
483
480
522
537
375
156
345
540
738
765
765
729
720
717
351
354
372
402
441
471
483
486
513
483
462
459
435
384
354
351
249
216
168
132
108
84
54
33
24
18
30
54
66
63
75
96
117
126
144
168
192
213
228
234
243
243
213
153
96
84
111
138
105
69
31
17
11
22
83
158
7
19
4
2
13
5
5
45
35
30
46
73
83
81
90
108
122
167
179
150
150
191
241
261
204
239
306
328
324
391
447
417
358
350
358
409
433
409
366
343
296
315
356
352
277
236
291
382
221
220
183
206
167
242
344
498
449
471
521
598
686
748
758
760
752
747
745
745
741
749
761
759
765
720
648
624
609
564
507
471
450
483
513
510
483
462
468
486
459
435
375
369
501
639
603
468
264
312
420
579
732
765
744
669
387
381
387
420
465
495
498
486
558
489
426
393
360
315
291
297
195
171
132
87
48
27
21
24
27
15
18
36
45
48
69
99
114
126
147
171
195
216
231
237
225
261
210
93
63
123
132
75
4
4
4
4
5
4
5
5
3
19
2
1
3
15
13
42
84
41
33
67
85
86
115
163
208
249
248
186
169
194
215
213
216
276
332
302
312
425
493
432
393
405
439
453
418
366
352
366
368
365
345
342
346
322
350
442
401
352
232
202
111
154
257
469
347
391
471
560
651
722
761
761
762
735
719
742
754
764
752
734
741
723
708
687
642
585
558
564
492
486
486
498
504
495
471
447
438
444
456
441
405
441
600
765
699
588
456
375
366
411
483
540
387
411
438
453
459
468
489
507
462
468
429
354
300
279
258
228
180
153
111
69
39
27
27
30
15
27
45
57
66
78
96
111
105
144
177
186
195
222
240
240
231
240
180
84
60
102
87
18
4
4
4
4
4
5
4
4
2
2
1
3
8
16
25
30
73
64
54
54
71
101
133
154
307
329
224
237
265
182
188
234
193
296
369
400
454
458
403
385
440
450
541
528
375
317
367
368
421
300
327
431
445
443
424
335
442
427
336
199
122
141
238
356
307
322
399
505
613
707
760
762
760
751
745
743
750
760
760
759
765
750
738
735
723
675
591
528
525
501
474
468
480
492
492
486
426
456
507
513
426
342
390
504
687
765
765
660
516
429
384
354
441
462
489
504
504
495
486
483
486
417
321
270
288
297
237
153
132
117
87
60
36
21
15
12
12
27
45
57
66
78
96
108
114
150
180
186
198
225
243
243
213
198
135
57
36
57
45
3
4
4
4
3
3
3
3
2
6
7
7
12
17
28
34
37
50
55
62
64
73
95
124
146
160
159
113
157
198
175
219
263
233
287
288
283
331
357
370
399
492
489
497
439
340
344
455
537
488
411
430
486
508
538
489
353
410
429
376
242
153
136
183
234
289
304
369
476
586
677
731
753
757
754
750
752
753
758
759
758
765
759
753
759
753
708
630
570
525
504
480
477
486
495
489
480
468
414
420
501
534
453
333
264
258
369
537
672
711
675
630
612
483
498
519
537
537
516
477
450
399
366
306
252
231
225
201
168
87
78
63
45
27
12
3
0
12
27
45
57
66
78
96
108
129
162
183
186
198
228
243
240
198
147
84
36
15
9
3
0
6
4
4
4
3
3
2
2
13
15
15
21
26
36
42
48
28
50
79
85
82
90
114
137
124
99
81
146
176
188
273
257
236
259
253
266
308
306
320
365
416
464
456
416
403
414
476
560
541
505
486
468
488
569
572
469
406
431
403
300
212
181
196
217
289
297
339
409
499
593
679
734
754
760
761
759
761
758
755
755
765
759
765
765
765
732
663
609
552
525
498
489
495
501
498
489
534
450
387
405
456
498
546
588
318
273
276
330
339
279
243
255
501
501
507
522
522
498
453
414
324
321
303
264
222
189
168
159
78
66
48
30
15
6
3
3
15
30
45
60
69
81
99
111
144
171
186
189
204
231
240
231
189
114
51
33
15
0
0
6
4
4
3
3
3
3
3
3
15
15
15
21
29
38
44
50
24
55
95
104
90
87
107
130
139
93
97
202
220
240
314
234
230
237
237
273
312
279
279
334
354
428
414
399
468
473
463
523
587
571
520
445
415
480
560
577
430
425
387
325
284
285
293
295
294
307
317
337
383
486
620
722
751
764
763
761
759
758
750
746
756
756
762
765
765
735
678
630
600
561
516
489
489
501
510
507
480
483
477
450
408
396
432
483
642
624
642
684
678
594
498
447
534
519
501
489
474
444
402
369
336
282
237
237
246
207
117
42
93
75
45
18
3
3
12
18
21
36
54
66
75
87
105
117
150
174
189
195
210
231
231
213
165
84
27
24
15
0
0
12
3
3
3
3
3
4
4
5
3
6
6
12
21
30
38
44
33
64
104
113
96
84
104
125
90
71
91
217
243
260
308
198
239
228
200
212
256
246
270
358
396
416
333
302
397
460
467
512
571
591
584
531
438
380
442
554
442
404
355
331
354
377
348
298
251
278
304
306
326
420
572
701
743
763
761
760
762
760
744
736
759
759
765
765
765
738
690
654
648
594
522
477
468
486
507
516
504
489
474
471
474
441
351
270
285
378
489
573
642
684
660
612
579
555
519
474
429
384
342
315
294
264
237
216
171
102
42
15
90
69
39
12
0
3
18
30
30
45
60
75
84
96
114
126
147
171
192
201
219
231
216
189
117
57
9
9
3
0
0
0
3
3
3
3
4
4
5
5
3
1
3
6
13
26
34
40
52
74
101
102
87
79
92
110
86
84
80
164
195
186
200
107
161
181
177
194
244
251
264
322
315
312
261
246
309
397
427
437
418
513
592
600
541
394
359
460
439
397
353
356
396
394
303
223
193
231
272
299
333
414
539
652
732
759
757
758
761
764
740
727
765
765
765
765
765
750
720
699
687
624
540
480
465
480
498
510
555
516
456
429
471
528
516
462
285
330
324
270
273
360
432
447
582
567
528
471
402
342
300
279
231
237
228
168
60
0
21
90
54
42
21
6
0
3
15
24
39
54
69
84
93
105
123
135
141
168
192
207
225
231
204
165
78
45
9
0
3
0
0
0
3
3
3
3
3
4
5
5
3
1
3
6
14
25
35
41
70
76
82
75
68
68
79
88
130
151
64
67
97
66
62
32
47
91
101
113
172
206
217
248
175
198
234
251
276
357
411
376
391
506
567
587
581
478
369
385
459
429
400
402
427
405
300
219
229
224
228
259
321
418
516
600
721
753
755
757
760
764
741
723
765
765
765
765
765
762
753
744
729
669
585
525
501
504
510
513
483
534
540
477
444
471
495
489
543
576
591
555
501
474
474
480
549
546
522
468
393
324
282
267
252
189
120
75
36
24
60
117
12
9
6
3
3
6
9
12
45
60
75
87
99
111
126
141
135
165
192
210
231
231
195
150
63
48
21
3
9
24
15
0
3
3
2
3
3
5
5
5
1
1
4
8
16
26
38
43
81
75
66
58
58
62
68
75
122
151
25
10
23
11
12
14
10
32
13
13
31
106
171
228
138
166
237
260
253
349
465
439
556
611
587
533
573
535
407
352
493
474
448
439
451
437
360
277
320
253
194
221
292
406
504
571
715
750
753
756
759
764
739
720
762
756
753
756
759
765
765
765
762
708
636
579
549
540
528
522
498
546
534
456
432
501
570
591
480
507
582
654
648
591
585
627
474
447
384
315
276
255
225
189
120
81
48
48
75
81
54
21
3
3
3
0
0
12
36
54
39
63
87
93
87
93
120
144
159
191
197
189
210
232
183
99
48
36
13
1
1
1
1
1
1
1
0
0
0
2
4
4
2
0
0
1
1
14
35
55
44
46
53
61
61
60
54
55
2
1
0
2
5
9
11
12
18
9
4
2
4
22
48
60
225
191
175
213
293
386
425
424
538
544
554
534
543
604
604
509
564
522
575
532
389
394
423
321
308
338
328
304
319
352
426
529
598
697
757
758
759
760
750
731
765
765
765
765
765
765
765
765
765
744
690
627
585
561
540
516
543
513
525
558
519
447
465
546
660
495
441
585
693
642
561
549
420
402
351
285
243
213
171
129
90
63
36
33
51
54
33
9
0
0
0
0
0
12
36
54
42
63
87
93
90
96
123
144
164
194
201
192
205
214
153
69
24
15
0
0
1
1
1
5
1
1
0
0
0
2
4
4
2
0
2
5
7
16
35
52
52
52
55
54
48
39
33
29
2
1
0
2
5
9
11
11
9
6
3
1
8
16
24
21
91
103
155
243
332
376
377
363
332
489
592
590
554
550
561
559
572
542
564
497
384
445
497
376
314
336
345
313
293
340
421
472
565
667
755
758
759
760
752
735
765
765
765
765
765
765
765
765
765
741
705
663
615
567
534
522
546
519
525
552
537
486
468
489
597
567
525
516
561
621
636
621
357
348
306
246
198
159
111
66
48
36
21
15
18
18
9
0
0
0
0
0
0
12
33
51
51
69
87
93
93
102
126
147
171
198
210
202
202
192
120
36
30
21
6
0
0
1
1
5
1
1
0
0
0
2
4
4
2
0
10
17
18
22
35
46
57
57
51
41
31
21
10
6
1
1
0
2
5
7
9
9
4
3
3
11
15
14
9
3
17
42
113
215
274
257
239
240
306
434
482
481
559
594
571
589
567
544
543
468
376
453
510
417
362
363
388
333
251
316
408
389
516
629
739
756
757
759
752
735
765
765
765
765
765
765
765
765
765
741
726
717
663
579
531
528
543
534
528
543
552
534
486
441
471
564
615
573
528
531
531
513
309
300
258
195
147
111
75
36
18
18
12
6
0
0
0
0
0
0
0
0
3
15
36
54
60
72
84
90
96
108
132
150
172
199
217
216
210
177
99
21
60
51
33
15
3
0
0
0
1
1
0
0
0
2
4
4
2
6
22
29
30
30
35
40
52
49
41
26
16
6
2
1
1
0
0
2
4
5
7
7
2
1
7
15
21
21
18
9
7
14
59
129
164
161
173
199
309
383
326
330
511
581
537
558
565
541
552
519
433
433
460
424
428
393
412
338
219
284
391
322
483
602
722
751
755
759
751
735
765
765
765
765
765
765
765
765
765
744
750
765
714
606
540
534
528
543
540
531
549
564
519
453
441
513
606
627
534
405
354
369
249
240
198
132
84
63
45
27
3
9
12
3
0
0
0
6
0
0
3
6
12
21
42
57
72
75
84
90
99
117
138
153
171
195
219
228
213
171
93
27
54
45
33
18
6
0
0
0
1
1
0
0
0
2
4
4
2
9
25
35
33
30
32
37
38
32
26
15
7
1
1
0
0
0
2
2
4
4
5
5
2
5
11
18
23
27
26
19
9
5
24
74
113
140
184
243
222
335
339
315
400
419
423
526
551
527
555
581
534
434
413
430
422
368
380
306
203
258
369
310
468
590
716
753
757
759
750
733
765
765
765
765
765
765
765
765
765
750
765
765
750
651
567
537
513
549
555
528
534
570
561
519
510
519
543
549
495
420
396
417
168
162
129
69
30
21
21
12
3
6
6
3
0
0
3
9
0
0
9
15
21
33
48
63
81
81
81
87
102
123
144
156
177
194
218
230
212
156
84
30
12
9
6
5
2
5
5
9
1
1
0
0
0
2
4
4
2
9
25
32
30
27
29
34
29
23
18
9
4
3
3
5
2
2
4
4
4
2
2
2
12
9
14
19
23
29
35
38
14
9
16
41
83
136
199
244
251
344
341
296
324
358
431
552
508
485
515
563
549
448
384
405
345
303
307
276
213
250
334
331
449
576
708
752
759
760
750
729
765
765
765
765
765
765
765
765
762
762
765
765
765
702
603
531
510
549
561
537
537
570
591
585
510
549
555
528
534
573
561
513
87
99
81
39
9
6
6
0
9
3
0
0
3
6
9
9
0
3
15
24
30
42
57
72
90
84
81
87
105
129
147
159
184
195
213
224
195
135
64
19
0
0
0
0
2
6
9
10
1
1
0
0
0
2
4
4
2
12
22
26
21
22
29
34
31
25
16
12
8
9
12
16
5
5
4
4
2
2
0
0
9
9
11
14
19
24
27
26
21
29
11
11
59
158
240
257
380
351
299
294
358
459
532
558
500
480
438
445
496
472
392
345
290
268
272
277
263
256
292
343
422
554
693
748
757
760
751
733
765
765
765
765
765
765
765
765
762
765
765
759
765
747
645
525
528
546
558
558
564
582
603
612
525
561
600
615
624
615
573
531
45
66
69
39
12
9
6
0
9
0
0
0
6
15
12
6
0
6
21
30
36
48
63
75
93
84
81
87
105
132
150
162
190
196
210
215
183
112
42
7
15
15
13
9
8
6
5
5
1
1
0
0
0
2
4
4
5
12
19
20
15
18
26
34
37
31
21
14
12
10
15
18
7
7
5
4
2
0
0
0
5
5
7
12
11
14
18
19
18
31
3
7
58
222
341
357
348
310
326
382
447
534
556
531
539
529
417
351
444
517
428
314
281
279
276
308
318
262
255
334
397
531
679
744
756
760
753
735
765
765
765
765
765
765
765
765
759
765
765
741
765
765
669
519
546
540
552
576
591
594
600
612
636
573
594
672
636
504
468
537
57
48
36
21
12
6
6
6
0
0
0
3
3
6
6
9
36
27
21
33
54
69
72
66
72
87
108
123
135
144
159
171
190
202
209
228
208
98
39
89
56
1
68
25
0
32
13
5
1
1
0
0
0
2
4
4
23
6
0
5
27
42
32
23
54
40
21
2
4
18
13
9
9
9
7
4
2
0
1
1
3
1
1
0
0
2
7
12
14
11
6
6
18
131
291
340
207
266
352
386
372
389
478
563
545
559
526
484
537
586
511
347
234
232
295
260
189
291
379
267
387
542
701
754
756
756
751
741
765
765
765
765
765
765
765
765
744
765
765
753
756
765
711
627
597
558
546
582
624
633
624
618
636
576
555
651
726
633
519
522
45
36
24
12
3
0
0
0
0
0
3
3
6
6
9
9
33
27
27
39
60
72
69
63
78
93
114
126
135
144
159
171
190
207
212
223
194
89
48
116
50
2
20
7
0
32
9
7
1
1
0
0
0
2
4
4
8
0
0
17
42
51
35
21
9
11
9
0
4
5
13
18
11
9
7
4
2
0
1
1
1
1
2
3
3
2
0
5
11
9
6
6
16
131
295
355
305
291
300
304
291
295
360
476
551
580
568
548
591
608
500
314
259
221
299
325
240
281
376
348
384
528
679
745
752
759
757
743
765
765
765
765
765
765
765
765
747
765
765
753
756
765
723
651
561
555
573
612
636
630
630
639
621
630
567
513
561
609
624
645
30
21
12
0
0
0
0
0
3
3
6
6
9
9
12
12
27
27
36
51
66
75
69
63
90
102
117
129
135
144
159
171
192
215
214
215
173
74
62
156
102
3
2
4
1
25
2
4
1
1
0
0
0
2
4
4
2
0
4
29
54
60
44
27
23
20
16
7
0
4
7
24
11
11
7
5
2
0
1
1
3
3
4
4
4
4
2
0
7
7
12
5
12
124
293
367
357
279
241
252
268
295
389
513
579
595
600
601
624
615
484
299
293
215
293
372
298
274
367
422
396
520
653
731
747
762
757
741
765
765
765
765
765
765
765
765
756
765
765
753
756
765
741
687
573
579
600
621
618
609
627
660
606
663
627
552
546
561
576
612
24
18
9
0
0
0
0
0
6
6
9
12
12
15
15
15
21
30
45
63
72
75
72
66
99
108
120
126
132
141
159
171
194
219
219
206
155
63
76
191
212
70
11
6
14
12
0
2
1
1
0
0
0
2
4
4
2
0
4
26
48
60
53
46
127
81
31
14
5
2
5
11
11
11
7
5
2
0
1
1
5
3
4
6
5
5
3
1
7
13
21
5
10
111
277
359
336
275
236
235
277
367
485
569
597
608
613
619
626
600
462
299
302
220
261
336
302
289
368
438
420
527
643
721
747
762
759
738
765
765
765
765
765
765
765
765
762
765
765
753
759
765
756
723
627
609
600
603
597
594
615
648
645
651
648
669
651
540
480
534
30
24
15
6
0
0
3
6
12
12
12
15
15
18
21
21
21
36
54
69
75
75
75
72
99
108
117
123
126
138
156
171
187
216
216
200
149
58
79
206
269
157
22
3
12
1
1
0
1
1
0
0
0
2
4
4
8
0
2
11
30
48
62
67
242
130
28
3
8
7
4
7
9
9
9
5
2
0
1
1
11
6
3
5
6
5
3
0
9
18
25
4
10
103
257
339
332
336
286
244
265
363
447
462
581
606
623
634
623
561
407
268
260
213
208
233
268
328
395
426
443
543
648
722
749
762
760
735
765
765
765
765
765
765
765
765
762
765
765
756
759
765
765
750
636
603
591
618
645
639
618
609
699
678
645
663
678
597
525
546
42
33
24
12
6
6
6
9
15
15
18
18
21
21
24
24
27
42
60
69
72
72
78
84
93
99
108
114
120
135
156
174
183
209
212
199
150
61
77
196
235
197
31
4
5
2
7
7
1
1
0
0
0
2
4
4
11
3
0
5
15
39
62
76
294
139
15
4
6
11
8
5
9
9
9
5
2
0
1
1
18
11
4
5
6
6
3
1
12
22
22
3
9
109
257
325
352
390
367
284
261
310
367
386
545
588
633
646
609
490
332
216
216
206
175
166
244
355
401
402
441
544
657
730
751
762
760
739
765
765
765
765
765
765
765
765
762
762
762
762
762
765
765
762
606
582
600
675
738
723
654
597
681
750
729
672
696
699
606
525
45
39
27
12
6
0
3
3
18
18
21
21
24
24
27
27
33
48
63
66
66
69
84
96
84
90
99
105
114
132
156
174
176
201
204
200
158
68
68
174
171
223
52
4
5
2
13
1
1
1
0
0
0
2
4
4
2
0
2
9
18
30
50
61
308
149
24
4
9
7
0
10
9
9
9
5
2
0
1
1
25
18
4
4
5
5
2
5
16
21
20
2
15
128
280
334
365
382
390
355
285
262
341
449
576
605
632
621
534
398
278
214
225
235
198
183
254
328
347
367
410
524
652
730
748
760
762
748
765
765
765
765
765
765
765
765
756
756
762
765
765
759
759
765
636
612
633
714
765
765
705
642
618
753
765
753
756
747
666
600
48
39
24
12
0
0
0
0
18
21
21
24
24
27
27
30
39
51
63
66
63
69
87
105
75
84
93
99
108
129
156
177
173
194
200
201
167
74
65
155
137
252
86
10
11
2
12
1
1
1
0
0
0
2
4
4
2
0
7
17
24
30
38
46
319
170
47
17
13
2
0
9
7
9
9
5
2
0
1
1
31
22
8
4
5
5
2
8
19
25
22
1
29
147
303
348
376
355
378
394
301
226
315
520
625
630
619
562
449
326
260
246
270
277
240
234
277
283
284
334
380
506
646
730
748
760
763
749
765
765
765
765
765
765
765
765
753
753
762
765
765
753
753
762
708
669
663
720
765
765
741
705
591
684
753
765
765
732
738
765
60
45
24
3
0
0
9
15
18
18
21
24
33
39
48
54
57
57
57
63
75
90
102
111
84
87
96
108
126
144
159
168
183
196
198
212
184
86
73
166
183
221
184
58
4
10
24
35
1
1
2
2
1
1
2
2
4
4
26
59
42
19
52
136
305
257
123
12
9
23
19
8
14
14
13
7
7
6
5
6
14
8
3
3
4
3
3
8
5
19
9
8
80
210
310
334
348
346
342
381
422
387
390
469
652
644
477
508
318
238
240
206
340
294
242
228
261
306
343
368
451
530
629
710
753
762
760
756
765
765
765
765
765
765
765
765
765
765
765
765
765
765
765
765
744
759
765
762
759
762
765
759
666
672
720
765
765
744
744
765
72
57
33
9
0
0
3
9
6
12
21
33
45
54
60
63
63
63
63
69
78
90
102
108
84
87
93
105
120
138
156
165
183
196
199
213
185
91
68
153
216
217
186
107
41
12
21
35
1
1
1
1
1
1
1
2
10
4
16
32
29
31
103
202
280
253
156
45
9
12
13
8
10
12
8
3
3
5
4
4
18
10
3
3
4
4
5
11
12
0
3
24
126
266
359
367
365
400
349
315
414
531
553
541
521
466
443
523
433
223
237
209
275
251
230
237
272
318
357
382
447
524
629
710
751
762
760
759
765
765
765
765
765
765
765
765
765
765
765
765
765
765
765
765
759
765
765
762
759
762
765
762
726
690
666
669
684
705
741
765
75
60
36
12
0
0
0
0
0
6
24
45
60
69
69
69
72
72
75
78
84
90
99
105
84
87
90
99
114
132
147
156
182
198
199
210
191
95
60
130
202
156
140
143
88
13
13
27
3
1
1
1
1
0
1
1
13
8
18
32
31
37
105
189
164
171
131
58
8
5
4
18
10
10
8
5
0
1
1
2
20
15
5
1
2
2
3
6
23
1
4
65
201
326
370
358
420
363
321
375
455
452
476
583
524
439
524
589
524
191
188
180
204
207
219
243
276
305
330
354
434
520
628
712
752
760
760
761
765
765
765
765
765
765
765
765
765
765
765
765
765
765
765
765
765
765
765
762
762
762
765
765
765
720
648
600
621
684
732
747
60
48
27
9
0
0
0
0
0
9
33
57
72
75
72
66
81
81
81
84
87
90
96
96
90
90
90
93
105
123
141
153
178
197
201
209
195
106
59
104
177
108
110
158
104
4
7
26
3
2
2
2
2
0
1
1
3
5
29
55
47
33
46
80
70
77
76
53
16
5
4
23
7
8
10
9
7
7
5
7
17
10
1
1
2
2
1
0
10
2
29
144
281
340
324
297
367
336
375
484
472
319
314
491
598
557
632
627
468
168
144
158
169
192
229
253
263
269
281
296
425
517
633
717
753
761
761
762
765
765
765
765
765
765
765
765
765
765
765
765
765
765
765
765
765
762
753
762
765
762
762
765
759
753
702
645
648
699
723
702
36
27
15
3
0
0
0
3
0
15
42
66
75
75
63
57
81
81
84
87
90
90
90
90
99
96
90
93
102
120
138
150
175
200
201
211
207
129
65
86
185
120
124
167
106
8
3
23
1
1
2
2
4
4
5
3
3
5
35
61
53
33
25
30
61
61
61
57
46
27
8
3
3
5
7
11
12
14
17
19
7
4
0
1
1
1
1
1
1
21
114
250
336
334
281
262
264
361
457
493
485
416
374
412
542
605
646
612
322
176
125
159
159
202
252
271
262
253
267
289
426
521
642
726
759
759
761
762
765
765
765
765
765
765
765
765
765
765
765
765
765
765
765
765
765
738
732
756
765
762
759
765
741
765
765
711
690
711
717
696
27
21
12
6
0
3
6
9
3
18
42
63
72
72
63
54
72
75
81
87
90
90
87
87
111
102
96
93
102
117
138
150
169
202
206
219
226
152
75
76
174
136
126
140
88
19
7
4
0
0
0
2
4
6
6
8
9
14
22
32
37
41
44
48
88
79
63
63
79
78
25
3
14
9
5
7
14
19
24
28
4
2
1
1
2
2
5
7
3
68
200
301
342
323
280
261
254
300
378
495
574
529
464
479
473
592
632
548
218
191
119
149
160
213
269
285
270
262
290
334
433
535
658
740
762
759
761
763
765
765
765
765
765
765
765
765
765
765
765
765
765
765
765
765
732
699
702
747
765
759
756
765
753
765
765
738
708
705
717
723
39
36
27
18
12
9
9
9
0
9
30
51
66
72
69
66
63
69
75
84
87
87
87
84
120
111
102
96
102
120
138
153
165
199
207
224
241
174
90
77
132
120
108
99
100
77
25
8
2
1
1
1
5
8
10
12
19
15
10
16
31
46
55
55
66
79
72
73
129
175
114
28
26
21
12
3
9
16
22
27
2
2
2
3
6
10
16
21
24
125
233
276
282
293
281
265
299
301
375
547
609
525
448
506
484
531
590
406
174
155
120
138
166
222
277
283
258
257
306
367
445
551
677
753
764
759
761
763
765
765
765
765
765
765
765
765
765
765
765
765
765
765
765
765
696
660
672
738
765
759
750
765
765
759
753
756
744
723
723
738
57
51
42
30
18
12
9
9
0
0
21
45
63
75
78
81
54
63
72
81
87
87
84
84
126
117
105
99
105
120
141
153
160
199
209
227
249
190
102
77
105
114
103
99
152
190
101
12
3
3
2
1
3
10
12
14
12
15
17
20
35
48
45
35
34
70
85
99
191
288
252
141
37
30
18
6
1
9
15
20
6
6
6
8
12
19
26
31
63
159
232
217
214
253
268
257
306
469
564
568
569
526
438
391
488
430
505
249
146
112
133
167
176
227
273
268
232
234
294
367
457
564
687
764
763
761
759
761
765
765
765
765
765
765
765
765
765
765
765
765
765
765
765
765
669
636
657
735
765
759
747
762
765
744
744
765
765
756
726
729
15
21
24
21
12
6
3
3
3
0
9
42
81
99
90
72
57
45
45
63
69
63
72
90
102
105
105
102
102
111
129
144
158
183
206
218
231
210
142
66
65
145
82
97
122
129
196
94
6
6
23
9
3
18
42
15
19
12
5
1
15
28
35
36
40
41
66
143
238
301
298
277
210
157
77
29
6
2
4
8
16
7
7
28
24
46
120
162
113
108
135
194
245
245
230
221
394
527
510
487
589
584
479
470
500
401
280
194
150
131
150
189
225
226
225
212
184
194
274
365
470
615
737
755
746
761
761
754
765
765
765
765
765
765
765
765
765
762
762
765
765
762
759
762
654
609
666
756
765
750
762
762
765
765
762
756
756
762
765
765
30
33
33
30
18
9
0
0
3
0
3
30
66
87
84
69
57
42
42
60
66
60
69
87
93
93
93
87
87
99
120
138
153
178
201
220
232
217
159
87
53
111
90
90
105
147
207
169
151
38
7
17
5
5
18
29
15
12
5
7
25
45
53
58
49
56
71
101
136
155
158
151
180
148
104
75
69
80
85
87
110
82
96
110
95
116
170
190
137
139
172
229
257
252
263
294
367
541
547
445
484
576
578
557
511
370
214
164
169
218
262
293
226
227
233
220
202
220
305
402
503
639
748
760
750
760
762
752
765
765
765
765
765
765
765
765
765
762
759
765
765
765
765
765
660
621
678
765
765
753
759
750
765
762
759
753
753
759
762
765
45
45
42
39
27
12
0
0
6
0
0
15
45
66
72
66
51
39
39
54
60
54
60
78
81
81
75
69
69
84
111
132
146
171
193
216
232
226
179
118
49
70
114
78
79
148
173
215
305
124
32
13
5
4
21
21
17
13
8
10
30
48
57
60
66
78
88
83
69
64
73
83
119
109
102
101
112
122
122
121
155
171
174
153
138
160
188
188
166
169
217
284
292
270
305
403
434
537
582
506
442
522
594
581
412
303
198
170
195
253
316
358
247
250
249
235
220
244
335
439
556
669
761
761
756
761
760
750
765
765
765
765
765
765
765
765
765
762
756
759
765
765
765
762
660
627
687
765
765
759
759
741
762
762
756
756
756
756
762
762
51
45
42
36
30
18
0
0
9
0
0
0
24
45
57
57
48
33
33
48
51
45
51
69
75
72
66
60
60
78
108
129
132
160
188
207
226
234
200
149
62
48
135
75
63
119
102
199
304
239
135
32
6
16
41
14
21
13
7
9
20
35
43
45
96
100
98
80
64
59
70
84
85
87
90
95
104
108
106
105
127
191
190
145
145
169
176
174
188
196
259
354
358
310
348
448
476
422
523
591
502
474
534
528
259
261
270
266
241
239
286
347
293
284
272
250
226
252
347
455
615
703
761
759
758
761
760
748
765
765
765
765
765
765
765
765
765
765
759
753
765
765
765
747
642
621
687
765
765
765
765
744
765
762
762
762
762
762
762
765
60
48
33
30
30
24
9
0
6
0
0
0
6
27
39
48
42
27
24
39
42
33
39
57
69
69
66
63
63
81
108
132
122
150
179
196
217
232
213
176
81
48
137
86
72
104
77
167
242
275
257
118
13
9
26
12
21
17
9
14
25
39
47
48
107
95
81
70
75
84
90
93
73
79
87
93
98
102
108
111
126
210
201
149
169
183
177
197
219
236
306
421
440
382
381
437
434
327
412
562
525
508
509
405
203
238
294
319
293
255
263
296
319
305
283
257
231
256
358
465
672
732
759
758
758
761
758
747
765
765
765
765
765
765
765
765
759
765
762
753
765
765
756
711
615
603
672
744
759
765
765
750
765
765
765
765
765
765
765
765
90
66
39
27
30
27
15
3
6
0
0
0
0
15
27
36
36
21
18
33
36
24
30
48
60
63
69
69
72
84
108
126
114
145
170
183
203
227
220
193
108
65
101
104
101
102
94
156
212
242
290
231
64
7
4
31
15
15
11
22
45
64
76
78
97
70
48
50
76
95
97
88
57
67
82
91
98
105
116
123
132
215
194
154
193
182
166
230
262
290
361
458
482
441
413
424
455
371
407
470
490
574
520
278
205
187
196
241
270
263
236
223
289
274
258
241
233
279
397
516
718
752
757
757
759
759
753
748
765
765
765
765
765
765
765
765
756
765
765
753
765
765
729
663
594
588
651
717
735
765
765
750
759
762
765
765
765
765
762
759
138
102
57
33
30
30
18
6
3
3
3
0
3
9
18
27
33
18
15
27
30
18
21
39
42
54
66
72
78
87
102
114
110
137
162
173
191
218
222
204
148
98
52
101
120
85
120
133
198
225
272
212
57
7
4
30
15
15
13
25
48
70
79
85
66
50
33
41
68
92
95
91
53
73
101
114
111
111
114
120
115
178
157
144
210
181
172
284
308
348
405
442
450
442
429
422
490
428
422
439
486
574
481
225
191
151
138
165
203
206
192
185
206
201
205
214
237
317
466
600
748
756
754
756
758
759
753
748
765
765
765
765
765
765
765
765
753
765
765
759
765
765
702
615
591
585
639
693
708
747
765
738
747
750
756
759
759
756
750
747
177
132
75
42
33
30
21
6
0
3
6
6
3
6
15
21
30
15
12
24
27
15
18
36
30
45
63
72
78
84
93
105
105
132
158
165
185
212
219
206
181
126
25
85
115
65
121
103
177
239
260
121
11
8
26
8
22
19
15
21
35
49
58
58
46
41
38
51
72
96
109
113
94
119
148
160
152
131
120
118
99
154
137
144
237
202
202
354
331
383
424
409
396
415
432
427
454
372
365
446
513
521
414
254
164
161
173
181
166
158
171
194
152
153
165
190
243
350
521
671
758
757
751
755
757
758
751
747
765
765
765
765
765
765
765
765
750
765
765
759
762
762
684
588
594
588
633
675
687
732
759
723
735
741
747
750
750
747
741
735
174
177
129
51
21
42
30
0
0
0
0
0
0
0
3
6
15
15
18
18
21
21
24
24
36
39
48
57
72
87
99
108
99
116
137
154
168
186
205
220
207
161
80
35
84
152
127
57
180
223
167
28
2
7
23
7
11
11
12
18
22
32
41
45
12
43
62
48
45
83
136
164
154
96
91
107
124
170
191
152
202
115
79
163
234
276
326
291
418
350
398
469
424
402
420
396
411
467
420
491
525
532
295
174
211
249
180
144
216
225
186
239
163
161
168
208
298
444
597
700
762
764
763
763
764
765
762
758
765
765
765
765
765
765
765
765
765
765
765
765
750
678
609
576
591
627
657
663
672
690
696
684
750
759
759
741
699
654
621
603
210
207
147
54
12
30
36
15
3
0
0
0
0
0
3
6
12
12
12
15
15
18
18
21
33
36
42
51
66
81
93
102
96
113
134
151
168
183
205
217
214
185
116
62
84
134
120
67
105
162
128
18
2
5
26
5
11
11
12
18
22
32
38
42
28
49
59
57
75
119
154
164
88
73
72
110
167
184
172
178
180
129
81
170
289
340
386
348
472
399
393
427
407
384
390
393
387
460
428
490
500
506
307
210
244
225
247
266
222
176
163
151
137
139
163
240
366
517
656
739
762
764
763
763
764
765
762
758
765
765
765
765
765
765
765
765
756
759
765
765
729
651
594
576
609
630
639
636
651
690
723
732
753
705
642
606
612
645
684
708
219
225
180
90
33
33
39
24
6
3
0
0
0
0
3
3
6
6
6
9
9
12
12
15
27
30
33
45
57
72
84
90
93
110
131
145
162
178
199
214
223
215
165
102
84
106
105
76
50
102
97
17
2
5
26
5
11
11
10
15
19
29
35
39
38
41
42
55
101
146
148
122
46
55
54
105
205
163
117
177
170
167
96
179
361
411
428
427
459
433
394
402
422
381
351
385
427
494
443
469
449
468
332
286
280
234
354
406
240
148
150
79
123
130
178
293
454
609
715
756
765
764
763
763
764
762
758
758
765
765
765
765
765
765
765
765
744
756
765
756
690
609
573
579
621
642
651
645
657
693
720
729
633
606
591
618
678
735
762
765
192
213
198
129
63
36
24
12
9
6
3
0
0
0
3
3
0
0
3
3
6
6
9
9
21
21
27
36
48
60
72
78
89
105
125
142
155
172
192
207
223
233
204
138
87
80
86
84
34
74
80
25
2
3
14
5
9
9
10
14
16
26
33
35
27
25
27
54
114
144
106
51
42
62
47
96
208
122
70
160
168
204
114
183
389
431
422
439
372
426
414
415
448
384
323
378
502
530
429
423
385
411
314
304
278
311
415
411
248
151
131
84
127
150
224
367
543
678
741
756
764
763
763
764
765
762
758
756
765
765
765
765
765
765
765
765
759
765
762
723
639
567
564
597
627
663
693
696
696
705
699
684
615
633
672
732
765
765
765
756
189
201
180
117
54
21
15
15
15
12
6
3
0
0
0
3
0
0
0
0
3
6
6
6
15
18
21
30
39
54
63
69
83
99
120
136
149
166
186
201
217
233
222
167
107
76
76
80
21
43
44
19
2
1
11
5
9
9
10
11
16
24
27
32
24
24
30
60
116
130
67
15
59
78
56
93
194
105
62
169
151
207
123
180
371
410
402
414
330
420
430
423
432
364
324
395
525
524
403
397
361
369
246
226
274
402
393
279
217
145
89
110
142
189
295
454
620
726
756
753
764
763
763
764
765
762
756
756
765
765
765
765
765
765
765
765
765
765
735
675
597
546
567
618
642
681
711
717
717
720
711
693
759
762
765
765
759
756
756
756
243
222
177
111
54
27
30
39
18
15
9
3
0
0
0
3
0
0
0
3
3
6
6
9
15
18
21
27
36
48
60
66
78
95
114
130
143
159
178
193
207
221
222
194
143
102
82
77
16
14
7
2
2
1
8
9
10
10
9
11
13
18
26
27
31
35
43
68
105
112
58
16
67
82
70
103
161
112
94
192
132
181
134
190
333
382
400
390
360
420
433
411
387
355
360
416
511
505
399
420
390
374
226
193
305
399
294
159
160
112
70
123
174
253
393
555
690
752
762
763
763
762
763
764
765
758
756
752
765
765
765
765
765
765
765
765
765
741
681
627
579
558
585
630
666
693
708
705
711
738
759
759
765
765
765
765
747
741
747
759
312
288
246
198
144
93
63
54
24
18
12
6
3
0
0
0
3
3
3
6
6
9
9
12
18
21
24
27
36
48
57
63
72
89
108
124
140
156
175
187
204
207
216
216
189
142
99
78
45
17
3
2
1
1
0
4
10
10
9
11
10
15
23
24
33
41
45
49
69
85
70
46
60
63
79
102
109
103
121
163
138
179
158
214
300
354
412
367
373
381
419
423
393
400
425
414
486
475
363
386
364
368
241
227
363
276
177
142
127
87
86
149
249
359
517
661
747
762
764
762
762
762
763
764
762
758
756
752
765
765
765
765
765
765
765
765
753
687
621
591
585
588
606
630
678
705
723
720
732
759
765
765
723
732
750
765
765
765
765
753
354
342
333
312
261
174
93
45
24
21
15
6
3
0
0
0
3
6
6
9
9
12
12
12
21
21
24
30
39
48
57
63
74
87
108
121
137
153
171
186
207
201
211
230
221
173
118
80
110
43
2
2
3
0
0
4
9
9
9
8
10
15
21
26
31
41
39
31
40
61
82
78
49
51
83
95
65
77
113
107
175
196
185
248
288
341
418
341
345
324
398
457
431
461
473
394
456
426
301
294
274
318
257
298
410
166
121
182
127
88
152
185
325
448
618
736
765
764
758
756
762
762
763
765
762
758
756
752
765
765
765
765
765
765
765
765
714
642
576
573
600
615
621
624
672
717
753
765
765
765
759
738
765
765
735
735
756
765
765
759
372
345
318
306
303
291
258
231
174
123
54
6
0
0
6
12
0
0
12
18
15
9
6
6
30
27
27
30
39
54
66
75
81
99
118
129
129
143
164
179
203
195
196
210
219
203
159
120
75
51
23
7
1
0
0
2
2
8
14
9
3
7
27
45
25
29
39
54
75
84
76
69
54
74
82
70
71
92
107
104
145
293
162
195
342
342
345
316
340
412
408
421
499
481
414
430
334
465
359
234
243
222
227
398
210
135
115
160
144
73
113
238
427
580
726
763
758
763
762
756
762
763
764
765
762
758
756
752
765
765
753
756
765
765
747
723
639
621
594
579
579
597
621
639
675
699
726
744
753
762
765
765
765
765
759
753
750
753
759
765
402
375
345
330
330
324
303
282
285
255
210
165
123
78
33
3
0
0
0
0
0
6
15
24
18
21
24
33
45
57
69
75
57
79
106
126
138
155
176
194
206
198
202
220
234
221
183
150
120
84
41
9
0
2
9
17
2
11
17
9
3
2
16
27
31
37
43
53
59
62
59
62
46
65
74
64
66
87
102
102
176
281
168
149
260
308
302
297
336
406
437
417
395
369
382
438
437
434
272
184
212
225
209
273
123
106
127
184
168
133
212
353
572
683
764
763
760
761
762
756
763
763
764
765
762
758
756
756
762
753
753
765
765
753
699
654
588
588
585
591
603
621
642
651
657
675
696
705
705
705
714
723
732
735
738
744
753
762
765
765
420
393
363
345
342
336
321
306
303
294
279
255
225
183
135
105
81
72
60
57
60
75
90
99
51
54
60
66
69
72
72
72
97
109
124
138
144
153
165
177
204
201
210
229
247
243
216
192
177
135
75
28
7
6
12
18
0
6
12
9
3
0
4
10
37
45
54
50
39
38
45
60
40
60
70
61
63
80
95
89
154
209
161
102
204
335
318
345
329
345
395
398
354
365
434
469
434
348
225
166
172
195
186
160
90
112
152
179
174
217
365
518
713
763
763
763
755
762
763
760
764
764
765
765
762
758
758
758
741
747
762
765
756
705
633
576
558
570
588
609
624
636
642
645
666
681
699
708
711
711
717
720
732
735
738
741
744
747
747
747
393
378
363
351
345
336
315
300
297
285
270
255
249
246
243
243
219
204
186
174
174
180
183
183
138
138
141
135
126
114
99
90
141
138
138
138
141
156
171
183
198
201
213
234
252
255
243
228
228
186
126
75
39
18
6
0
0
0
3
6
6
3
6
6
36
50
59
45
28
28
47
74
44
69
78
66
62
77
85
76
113
135
149
80
178
367
352
412
398
320
338
396
393
435
464
402
296
230
218
194
141
147
182
141
134
158
166
158
198
338
528
664
758
763
763
749
746
764
764
765
765
765
765
762
762
762
762
762
753
765
765
750
696
630
576
549
573
582
597
612
624
627
627
624
654
669
690
708
726
735
744
747
735
729
726
726
729
738
750
756
351
354
360
369
369
360
342
327
348
333
306
279
261
258
264
273
276
264
249
243
249
246
237
225
222
222
222
219
207
192
177
171
153
141
126
123
135
154
178
190
192
198
210
230
248
257
258
252
255
228
182
137
92
48
9
0
0
0
0
0
6
12
12
12
31
46
53
43
28
32
58
90
58
79
88
74
68
76
77
68
106
104
150
96
171
343
342
403
475
352
351
412
405
400
360
268
219
166
191
200
124
137
200
165
169
176
169
191
309
505
669
747
755
761
755
747
753
765
762
762
762
762
762
762
762
765
765
765
765
765
762
696
615
561
558
573
594
597
603
609
618
627
633
636
645
654
672
696
717
732
738
738
726
717
708
705
717
741
765
765
336
348
366
384
390
390
381
375
336
339
333
315
288
267
258
255
279
264
255
261
279
285
273
261
270
273
276
279
279
279
276
273
240
219
192
171
163
160
157
154
196
204
213
230
246
255
262
265
265
250
225
195
155
99
45
7
13
4
0
0
3
12
15
15
21
30
33
33
26
36
60
80
48
73
85
77
73
80
81
69
99
91
134
136
197
316
369
416
377
321
330
365
336
283
241
213
253
149
134
149
124
170
221
182
138
175
233
335
497
670
757
758
765
765
762
762
762
758
756
748
758
758
758
762
765
765
765
764
765
762
708
633
567
546
570
603
600
603
606
618
633
651
672
681
720
720
726
741
756
759
753
744
765
750
726
708
702
711
729
741
363
366
366
363
360
357
360
363
300
312
324
321
306
297
297
300
291
270
249
252
273
288
285
276
303
303
303
309
315
321
330
333
353
339
318
303
283
253
217
190
208
216
225
236
243
253
267
273
273
264
253
234
206
159
108
73
46
25
2
0
0
6
9
11
15
14
15
17
24
35
42
48
25
49
66
67
71
84
93
82
94
84
89
168
199
236
349
382
222
213
203
232
252
203
180
228
241
147
118
137
152
186
214
202
168
255
390
528
659
750
758
755
762
762
758
758
756
756
750
750
756
756
758
762
765
765
764
764
759
702
627
579
570
582
597
603
612
618
630
645
666
687
705
717
765
765
762
765
765
765
753
738
762
753
735
720
705
696
690
690
396
381
357
327
303
297
300
309
330
336
336
327
315
321
342
363
309
273
234
225
240
258
264
258
327
324
318
318
321
327
336
342
386
392
402
420
421
397
352
316
220
228
236
239
246
256
270
279
276
270
262
252
233
200
159
130
76
46
7
0
0
0
2
2
12
7
7
9
19
29
25
25
16
31
50
58
68
90
100
94
111
90
59
151
155
133
246
256
178
162
114
128
205
183
147
220
167
145
151
177
182
174
197
230
256
374
536
667
736
752
754
753
754
754
758
756
756
746
746
752
752
756
758
762
765
764
764
763
726
648
564
549
591
627
618
591
627
639
657
675
696
708
717
720
723
714
708
714
723
717
699
681
678
687
702
717
723
726
723
717
327
333
336
333
327
336
360
381
330
306
300
321
327
312
321
351
345
378
390
342
261
213
225
258
297
315
324
309
294
309
357
402
417
450
471
471
477
486
477
453
414
378
327
285
267
267
270
273
270
270
276
279
273
243
204
177
141
126
96
57
24
3
0
0
0
4
12
18
17
13
16
18
29
27
34
55
89
113
112
106
96
90
83
92
117
147
173
190
173
119
78
89
145
188
188
167
184
168
153
154
181
216
251
267
469
576
704
765
765
753
757
763
765
765
765
765
765
765
765
765
765
756
747
750
762
765
756
744
600
588
585
600
618
627
612
597
612
609
624
657
696
705
681
654
735
726
741
765
765
747
741
759
726
735
738
726
705
696
705
717
291
318
351
369
372
366
363
366
333
297
279
297
309
297
285
288
264
288
309
300
276
270
288
312
276
306
345
375
396
405
414
417
435
432
435
456
480
498
501
498
510
483
441
402
372
345
321
306
297
294
291
297
300
294
279
264
207
189
153
108
60
24
3
0
0
0
0
1
3
5
12
14
34
35
39
57
76
89
95
92
96
75
58
76
114
146
153
145
113
74
57
71
119
154
149
125
198
173
144
146
194
290
393
464
616
678
752
765
758
732
730
742
765
765
765
765
759
756
750
747
750
765
765
765
765
714
630
573
591
594
600
603
609
615
627
636
678
672
678
711
750
765
765
747
765
741
714
726
735
732
738
756
753
762
765
765
762
756
753
753
348
360
372
372
351
327
306
297
351
315
291
306
321
309
282
264
261
264
270
276
279
285
291
297
315
303
303
327
372
420
453
468
465
423
414
453
483
486
504
534
522
519
513
510
501
480
453
429
360
345
327
315
312
309
303
297
279
261
228
186
138
93
54
33
0
0
0
0
1
1
5
10
20
27
33
37
40
42
52
58
66
39
27
42
84
109
97
74
78
58
48
63
95
119
108
90
162
163
176
211
294
427
575
675
735
755
765
765
762
756
763
763
753
756
765
765
765
765
759
753
765
765
741
708
672
627
582
555
585
600
615
609
600
606
633
660
645
648
660
684
714
738
750
756
762
732
720
741
756
738
708
690
741
744
753
765
765
765
765
756
396
378
345
309
285
276
279
285
330
321
318
327
330
318
303
291
291
291
288
285
279
273
273
273
333
309
285
285
318
369
414
441
471
426
423
468
477
450
474
537
489
498
519
543
561
561
546
528
477
453
417
387
360
339
315
300
321
309
288
261
228
186
141
114
68
50
29
9
2
3
1
1
8
18
24
23
17
17
27
39
33
22
19
30
57
68
54
40
75
59
53
61
84
108
114
108
134
196
287
381
481
587
698
763
765
765
761
758
759
763
763
761
750
759
765
765
765
765
765
765
750
708
648
600
582
597
624
648
591
603
612
612
609
609
621
633
594
630
669
678
669
675
705
738
756
744
744
756
759
741
708
687
726
717
717
732
756
765
765
756
327
306
282
267
273
297
327
345
267
300
327
321
303
300
312
327
279
291
300
297
285
282
294
306
294
309
327
336
333
330
333
336
426
408
432
480
465
423
450
525
504
507
516
534
549
552
543
534
573
555
531
507
477
444
408
384
357
348
336
321
300
264
219
186
159
132
93
62
44
27
7
1
5
13
18
14
8
8
19
31
12
19
29
38
41
39
40
45
50
45
47
59
87
127
166
190
255
341
466
575
650
701
745
765
765
765
752
746
750
751
745
735
765
765
765
765
756
741
729
720
624
624
621
618
618
624
636
645
606
603
603
609
618
615
600
582
612
684
747
744
693
669
702
750
765
765
756
741
741
753
759
759
750
729
711
717
741
765
765
765
258
261
270
288
309
324
327
324
243
297
336
318
288
291
324
351
294
303
312
303
288
279
285
297
291
303
312
309
300
297
309
321
369
378
414
453
447
423
444
498
495
492
495
510
531
546
552
552
573
570
570
573
567
552
522
501
429
414
399
390
372
339
291
252
253
223
181
147
126
101
69
43
18
18
14
9
6
6
14
20
4
15
39
41
32
30
44
60
41
59
85
113
153
219
291
339
482
539
621
689
726
747
761
765
764
763
761
765
765
763
759
744
765
765
744
717
684
657
636
624
609
618
627
630
624
618
621
624
624
609
597
603
618
615
591
567
615
684
747
738
678
639
663
702
702
723
741
759
765
765
765
744
762
741
717
708
720
744
765
765
255
264
282
303
312
300
270
243
255
303
327
297
270
282
309
324
324
309
294
285
282
276
261
246
303
288
273
276
303
339
372
390
363
369
381
402
420
432
435
438
459
462
471
498
531
561
576
582
549
552
561
576
588
585
573
558
519
501
483
474
468
438
393
357
342
315
279
253
241
219
182
155
111
94
76
63
62
62
62
59
57
66
78
85
91
102
117
124
144
182
233
276
324
391
472
532
637
657
684
716
740
758
764
764
758
755
755
759
762
754
738
726
696
684
663
639
621
609
606
603
651
645
630
609
591
594
615
633
630
618
606
597
597
600
603
606
660
690
717
711
678
654
657
672
642
636
633
666
738
765
765
711
759
750
735
717
708
720
741
759
255
255
264
279
288
273
243
216
255
285
288
249
231
246
264
258
303
273
246
258
285
297
270
240
261
267
294
357
423
456
444
417
390
381
360
360
399
435
420
378
462
465
477
501
531
555
564
564
570
567
567
576
585
588
579
567
579
564
546
546
546
528
489
453
399
375
348
339
334
316
282
252
236
210
180
163
163
163
151
138
163
157
154
172
198
219
223
223
282
333
397
448
488
545
620
677
670
673
685
709
739
760
764
764
762
755
740
717
688
658
631
613
591
588
582
585
594
615
636
651
621
633
642
633
618
606
606
615
633
630
615
591
576
585
621
654
765
765
765
762
759
753
744
735
696
597
480
462
576
726
765
765
765
765
765
747
726
723
738
756
288
246
258
321
318
249
231
270
222
234
246
252
246
243
249
252
306
261
246
279
306
291
267
261
261
270
279
294
315
348
390
420
387
378
372
381
399
408
405
396
441
432
441
477
525
549
543
522
540
546
555
564
567
567
567
564
579
564
564
576
573
564
570
588
519
501
477
448
418
385
354
333
330
323
317
306
297
297
300
303
285
291
303
312
330
355
391
418
504
519
545
572
599
618
630
636
688
694
703
708
711
709
705
702
695
666
627
588
565
562
574
583
600
621
645
651
639
627
621
621
618
636
630
612
639
678
651
585
570
660
615
585
681
678
648
732
747
750
756
762
765
765
765
765
744
765
711
585
531
612
744
765
759
762
765
759
750
750
759
765
297
270
273
303
294
243
225
246
216
231
252
261
255
249
246
246
297
264
252
279
300
291
282
285
294
291
282
273
276
291
321
345
342
339
348
369
399
420
429
426
441
444
453
468
483
492
495
495
492
504
522
540
558
564
570
570
567
558
564
576
567
552
558
579
568
562
550
532
517
498
483
474
429
413
395
383
377
377
377
377
426
432
441
447
462
486
519
538
580
586
601
613
622
628
628
625
633
633
631
627
619
606
596
590
567
567
565
574
591
609
630
642
624
630
630
624
612
612
627
642
609
627
654
651
609
579
621
690
678
675
645
684
729
624
528
573
666
675
690
708
723
735
744
747
765
759
747
765
705
609
627
726
765
765
765
765
762
753
756
762
300
297
291
276
258
240
225
216
210
228
249
261
255
246
240
240
273
258
258
273
282
282
294
312
321
309
288
264
249
258
282
300
312
315
327
354
390
417
429
432
426
441
453
456
450
447
456
468
507
516
525
537
537
534
525
519
543
543
555
567
558
537
543
567
570
573
573
570
564
564
572
578
539
512
482
467
470
473
470
461
447
453
459
462
466
484
511
529
544
547
550
553
553
544
538
532
564
570
574
579
582
581
579
577
562
574
589
607
624
638
641
644
627
627
624
615
606
609
621
633
660
648
642
645
639
630
642
663
669
654
678
738
756
702
672
699
690
693
699
699
693
681
666
657
693
741
765
765
765
711
633
567
747
759
765
765
765
759
759
762
291
309
294
249
234
246
234
204
213
225
237
243
240
234
237
243
243
249
255
258
258
270
297
324
318
309
288
267
261
273
303
327
312
318
330
348
369
390
402
405
399
414
432
444
444
438
432
426
519
522
528
531
525
513
501
492
507
510
528
549
546
531
540
564
546
549
552
555
558
567
579
588
588
560
530
518
527
536
530
524
498
504
507
504
504
516
534
549
552
555
561
567
568
562
556
553
559
564
571
582
593
598
603
605
614
620
627
631
633
626
618
612
609
615
624
627
624
618
615
612
603
624
615
591
606
639
621
564
648
675
747
765
756
762
765
759
765
765
762
747
723
690
660
639
573
657
717
726
762
765
723
600
702
723
744
759
762
762
765
765
273
300
288
237
225
255
252
213
222
225
228
225
219
225
240
252
219
237
249
243
237
255
288
312
303
297
285
273
273
291
324
351
312
321
333
342
354
366
378
384
384
384
399
420
438
423
381
345
471
477
489
498
504
507
510
510
480
474
489
519
534
531
540
561
565
559
556
559
565
574
574
571
585
564
543
534
546
555
558
552
558
561
561
558
554
557
569
581
566
572
578
588
588
585
582
579
592
592
588
582
577
575
573
572
585
585
593
601
609
618
625
630
618
615
612
612
615
621
624
624
594
618
651
648
609
588
636
702
600
549
615
744
765
765
762
747
765
765
765
765
765
756
735
723
678
609
618
723
765
765
753
765
702
723
744
759
762
762
765
765
264
285
276
243
237
261
258
234
228
231
234
231
225
231
246
258
207
231
243
231
231
252
276
285
285
282
279
270
270
285
309
330
300
312
327
339
348
357
375
387
387
378
378
396
408
384
327
276
465
462
462
459
462
468
474
477
474
450
450
483
519
531
537
549
569
551
536
546
567
570
549
522
559
556
550
547
546
552
558
561
542
550
550
544
535
532
538
549
543
549
555
559
559
553
547
541
581
578
573
570
569
569
573
576
573
575
578
586
599
616
630
640
636
618
597
588
600
624
645
657
678
570
552
639
648
591
645
765
699
495
432
615
762
732
723
765
750
759
765
765
765
765
765
759
765
711
669
681
717
750
765
765
747
759
765
765
765
759
759
762
267
270
270
261
255
258
255
246
225
240
255
261
258
252
252
258
213
237
246
231
234
261
267
258
264
267
270
267
264
273
291
306
300
315
330
339
342
348
366
381
393
390
387
387
381
357
321
291
483
471
453
438
432
438
447
453
492
444
420
453
504
528
525
522
522
489
468
494
533
539
497
450
531
546
559
550
532
523
529
544
567
570
573
564
556
550
553
559
567
570
579
586
586
583
577
574
558
553
555
557
563
573
584
590
590
588
585
586
587
589
592
594
609
603
603
615
636
648
648
642
657
555
501
552
621
633
621
624
765
705
573
600
702
678
657
759
762
762
765
762
759
753
747
744
753
765
759
675
678
765
765
723
765
765
765
765
762
753
756
762
273
264
267
273
270
252
246
252
222
246
276
291
288
273
258
252
219
243
249
237
243
267
267
240
246
255
264
267
267
276
291
306
315
327
342
342
336
336
351
363
393
399
402
390
372
357
351
351
456
447
432
426
435
456
480
498
510
447
405
438
495
522
513
501
477
438
417
450
507
521
467
407
510
537
558
547
514
493
502
520
557
563
566
558
546
540
543
550
535
543
555
567
576
580
580
580
574
567
554
543
534
533
535
538
554
558
561
562
560
553
550
546
555
579
621
669
693
678
633
597
630
744
750
648
645
738
717
591
579
765
765
684
729
756
720
750
750
750
753
756
759
762
765
765
765
738
747
765
765
744
744
765
759
762
765
759
750
750
759
765
276
282
294
306
309
294
264
243
264
207
312
297
288
333
234
198
234
228
225
237
255
261
255
243
255
255
258
261
270
282
291
297
303
312
321
330
339
345
357
366
360
411
450
432
375
336
351
381
414
486
468
417
432
459
456
462
459
501
357
417
498
525
351
381
441
483
489
501
540
528
501
519
420
474
459
549
546
522
606
510
537
540
537
534
531
534
540
546
510
498
501
528
555
558
552
546
534
474
474
501
516
558
588
564
612
561
525
537
552
552
555
570
612
525
459
477
669
765
636
603
543
633
747
765
720
666
711
765
681
684
711
747
747
726
735
765
765
765
765
762
756
750
747
744
765
765
765
765
765
765
765
765
765
765
765
765
765
765
765
765
291
300
315
333
339
324
294
267
249
231
312
258
249
324
261
228
237
231
228
237
252
261
255
246
252
258
264
273
279
288
294
297
303
324
348
348
336
336
360
384
411
429
444
435
405
381
369
372
408
468
447
393
414
444
447
462
468
465
339
456
588
600
384
357
495
528
519
516
546
525
495
513
360
411
474
555
549
546
594
546
483
498
510
507
489
468
456
453
471
489
501
480
441
432
474
522
555
561
576
552
516
534
543
507
531
588
591
534
540
606
615
561
549
531
546
459
522
765
765
708
723
675
654
687
729
738
735
738
714
696
708
741
759
750
747
759
765
765
765
762
759
753
753
750
765
765
765
765
765
765
765
765
765
765
765
765
765
765
765
765
279
291
315
342
354
342
312
288
222
246
297
240
246
315
273
246
240
234
234
240
249
255
255
249
252
258
273
285
294
300
300
300
306
339
369
363
339
333
363
399
459
444
432
435
441
429
396
369
399
447
414
363
393
429
441
465
492
468
372
471
567
531
360
363
495
522
504
492
516
498
471
492
375
396
531
570
540
546
525
519
420
447
480
498
495
474
456
444
408
456
504
504
474
450
456
471
474
546
588
555
510
507
513
498
468
588
666
648
630
645
621
564
555
504
570
480
441
693
765
729
747
732
717
711
696
690
717
753
744
717
711
738
765
765
759
756
762
759
759
759
759
759
759
759
765
765
765
765
765
765
765
765
765
765
765
765
765
765
765
765
270
282
312
342
363
363
345
327
240
249
255
252
288
300
255
255
249
243
240
243
246
249
252
249
252
261
279
297
306
309
306
303
318
342
363
360
348
348
369
390
459
435
420
429
450
450
417
384
399
432
393
351
387
420
438
471
486
480
438
456
450
396
390
513
465
492
474
465
495
489
474
504
438
402
552
561
531
558
480
498
438
450
471
498
513
507
483
462
453
456
459
480
519
549
534
501
414
474
525
549
558
540
546
594
561
594
663
708
663
588
594
657
717
576
588
579
531
534
540
606
666
735
765
765
711
663
690
741
744
735
732
741
750
756
759
762
753
756
756
759
759
762
765
765
765
765
765
765
765
765
765
765
765
765
765
765
765
765
765
765
282
291
309
336
363
378
375
366
333
291
207
237
303
258
240
291
261
258
252
246
240
240
243
246
252
264
282
300
312
315
315
312
336
333
336
348
363
372
375
372
426
414
411
423
441
447
432
414
405
426
384
357
399
426
438
474
453
456
459
429
402
372
492
663
486
510
492
483
519
519
510
540
483
399
516
531
531
579
507
528
516
498
483
486
501
498
477
453
585
531
450
402
441
531
588
597
492
483
474
543
609
555
534
627
648
624
624
618
558
516
591
711
765
738
678
651
627
417
291
531
678
690
714
750
765
765
711
657
720
741
756
744
729
732
753
765
750
753
756
759
762
765
765
765
765
765
765
765
765
765
765
765
765
765
765
765
765
765
765
765
297
288
285
297
321
345
360
363
429
390
210
198
264
213
240
327
276
273
267
249
234
228
234
240
255
264
279
297
309
315
318
318
342
330
324
342
372
390
387
375
408
405
408
420
438
447
444
438
405
420
387
375
423
435
432
465
459
432
447
393
402
390
507
582
513
537
513
501
531
522
507
534
543
447
483
519
522
543
519
519
534
522
510
504
510
525
543
552
618
618
564
477
444
489
552
576
546
498
414
453
552
492
426
501
528
597
630
588
549
564
594
606
660
750
708
612
627
444
303
573
690
681
678
708
759
765
741
678
696
741
765
747
720
723
750
765
753
753
756
759
762
762
765
765
765
765
765
765
765
765
765
765
765
765
765
765
765
765
765
765
348
321
291
279
291
318
345
360
432
498
294
198
231
195
246
300
291
288
279
255
228
219
222
234
258
264
273
288
300
312
321
327
336
333
339
357
378
393
399
399
426
414
408
423
450
465
456
444
402
414
393
396
444
441
423
447
471
441
468
372
381
372
471
456
507
534
510
498
522
507
486
510
549
492
462
525
510
480
528
507
501
537
561
552
531
552
627
693
576
624
630
576
537
531
513
477
474
483
375
360
501
513
432
450
426
525
624
663
666
657
624
585
573
642
651
606
651
561
417
540
648
714
753
723
687
699
741
765
693
738
765
747
732
744
756
756
756
756
759
759
759
762
762
762
765
765
765
765
765
765
765
765
765
765
765
765
765
765
765
765
426
387
336
306
306
333
366
387
378
567
387
228
225
201
243
237
300
297
285
255
225
213
216
228
261
264
270
279
294
309
324
330
324
342
360
372
378
390
408
426
456
429
411
429
468
486
468
438
393
408
393
408
456
444
414
432
447
453
513
378
366
363
498
477
498
528
513
504
531
516
492
516
483
474
426
528
513
459
573
552
492
561
612
582
519
522
621
726
576
582
558
534
555
579
525
435
393
486
399
351
543
648
582
558
498
489
567
699
741
690
684
741
699
594
618
684
738
654
447
399
645
732
765
738
675
675
732
765
699
735
753
744
747
765
765
744
759
759
759
759
759
759
759
759
765
765
765
765
765
765
765
765
765
765
765
765
765
765
765
765
450
435
450
390
366
333
285
381
396
393
411
360
243
195
222
222
273
312
276
300
237
291
255
267
240
252
267
279
285
294
309
321
324
339
396
402
360
381
435
435
435
450
444
423
426
456
486
495
423
399
384
396
420
435
438
441
444
435
459
390
390
459
435
444
468
480
495
498
492
486
486
489
507
480
474
501
522
519
513
516
549
540
540
549
558
564
576
591
585
555
561
588
564
507
504
546
477
348
306
309
519
543
633
579
603
597
555
579
696
759
747
750
756
753
702
582
642
696
639
222
621
741
738
765
765
705
702
675
741
753
756
747
756
765
765
747
765
765
765
765
765
765
765
765
765
765
765
765
765
765
765
765
765
765
765
765
765
765
765
765
477
477
507
453
417
357
270
339
360
363
384
351
270
237
252
255
282
321
285
312
246
300
264
276
246
258
273
282
288
297
312
324
306
330
402
426
384
390
426
417
435
450
450
432
432
459
480
483
435
405
393
408
432
444
450
456
456
444
468
399
399
468
444
456
462
477
492
495
492
489
489
495
516
492
492
522
543
537
525
525
540
534
534
543
558
576
600
618
582
579
597
621
609
564
531
528
555
435
327
348
495
546
618
582
636
663
639
633
681
696
696
726
732
741
750
651
621
609
690
489
615
735
735
765
765
726
732
714
735
753
756
750
756
765
765
747
765
765
765
765
765
765
765
765
765
765
765
765
765
765
765
765
765
765
765
765
765
765
765
765
468
492
549
507
468
390
264
297
342
351
360
345
306
279
270
267
291
330
297
321
258
309
276
285
252
264
279
288
294
303
318
327
288
321
408
450
408
396
414
399
435
456
459
444
441
459
471
468
447
414
399
423
447
453
459
471
468
456
480
411
411
480
456
468
456
471
486
495
495
492
498
501
528
510
513
549
570
558
537
531
534
531
528
534
555
591
627
648
582
612
642
654
660
636
570
504
621
528
330
405
468
567
618
603
651
717
729
696
672
636
648
720
720
711
762
726
648
561
717
675
615
732
729
762
765
747
765
756
729
750
759
753
756
765
765
750
765
765
765
765
765
765
765
765
765
765
765
765
765
765
765
765
765
765
765
765
765
765
765
765
429
471
546
516
489
414
276
288
357
372
357
342
336
297
252
246
294
333
300
324
261
312
279
288
261
273
285
294
297
306
318
330
291
315
408
462
420
396
411
402
435
459
468
456
450
459
465
456
453
411
399
432
456
456
462
483
471
462
486
417
417
486
462
471
450
465
483
492
495
495
501
507
531
519
528
567
585
567
540
531
537
540
531
525
549
600
642
660
582
633
660
660
675
678
594
483
618
567
306
450
450
588
627
627
630
720
759
729
675
615
639
738
738
681
729
747
711
600
705
636
618
732
726
759
765
753
765
765
720
747
762
759
759
765
765
753
765
765
765
765
765
765
765
765
765
765
765
765
765
765
765
765
765
765
765
765
765
765
765
765
